{
    "FACM_0": [
        [
            [
                2.9879423736995153e-08,
                2.4654984757196503e-08,
                3.275445115472301e-08,
                3.4780833117944794e-08,
                7.811135769809377e-08,
                9.716670400208914e-08,
                2.0745965272408917e-07,
                6.483617904047199e-06,
                1.5326370500560965e-06,
                2.8089693114926766e-05,
                8.159293691298576e-07,
                1.2578119241653224e-05,
                2.5643124052888027e-05,
                7.237549360231438e-06,
                8.108103158060618e-06,
                6.513557230726936e-06,
                1.1812901481324186e-06,
                1.4307091940025585e-06,
                1.779797482828089e-07,
                9.576641944136058e-08,
                4.799541864629712e-08,
                4.120358656507475e-07,
                1.8849599479607105e-07,
                2.6281600306827678e-08,
                1.5065942086966258e-08,
                5.581852137110599e-09,
                5.86691482598352e-09,
                1.6601755352508099e-09
            ],
            [
                2.4654984757196503e-08,
                2.0509263855300508e-08,
                2.7318473794406223e-08,
                2.913604488504204e-08,
                6.574089477729923e-08,
                8.151065021612821e-08,
                1.7342031063275157e-07,
                5.440649581269243e-06,
                1.2773093187299041e-06,
                2.3516510853021702e-05,
                6.893448233168042e-07,
                1.063357321785601e-05,
                2.1189062132421343e-05,
                5.968794954895149e-06,
                6.853478546495224e-06,
                5.483000955810973e-06,
                9.923716026184708e-07,
                1.1975528323682041e-06,
                1.4842654275883968e-07,
                8.034255618826935e-08,
                4.014956083983528e-08,
                3.4652037262631107e-07,
                1.5672045156920867e-07,
                2.193266232575175e-08,
                1.2601713611390905e-08,
                4.686593684162273e-09,
                4.926758331733703e-09,
                1.394198732817171e-09
            ],
            [
                3.275445115472301e-08,
                2.7318473794406223e-08,
                3.98592389745445e-08,
                4.900555576503653e-08,
                1.146672362454909e-07,
                1.2880252926172392e-07,
                2.50740476837062e-07,
                7.782343914883296e-06,
                1.7843724423904587e-06,
                3.241858649253808e-05,
                9.796801219680461e-07,
                1.4397361124099002e-05,
                2.7374809726274918e-05,
                8.121868144826562e-06,
                9.452871530518801e-06,
                7.071658138781491e-06,
                1.3980112272786382e-06,
                1.6219521577960321e-06,
                2.060002016113424e-07,
                1.0952866619025086e-07,
                5.5247625497314585e-08,
                4.7248724049831924e-07,
                2.1047908451565484e-07,
                2.998793785854989e-08,
                1.7248417045668047e-08,
                6.541990555448225e-09,
                6.882835324619677e-09,
                1.9481687486490043e-09
            ],
            [
                3.4780833117944794e-08,
                2.913604488504204e-08,
                4.900555576503653e-08,
                8.750676364529572e-08,
                2.1784892732143218e-07,
                2.1201601835957197e-07,
                3.190821267394513e-07,
                8.847763096547537e-06,
                1.946349551211829e-06,
                3.373270374352933e-05,
                1.1702487068219647e-06,
                1.55911367832614e-05,
                3.108120996693094e-05,
                8.778878921936189e-06,
                1.0980864473627293e-05,
                8.21603065847392e-06,
                1.6007772540033547e-06,
                1.941678961250875e-06,
                2.505343903148051e-07,
                1.2532278958668717e-07,
                6.458237284980522e-08,
                5.489211177670547e-07,
                2.3277553270281774e-07,
                3.338459093612257e-08,
                1.9329250356938428e-08,
                7.421417571513206e-09,
                7.8072643149562e-09,
                2.2099028841079344e-09
            ],
            [
                7.811135769809377e-08,
                6.574089477729923e-08,
                1.146672362454909e-07,
                2.1784892732143218e-07,
                6.23775844413764e-07,
                5.737469228400246e-07,
                8.244618545472518e-07,
                2.3713719003237236e-05,
                4.704355636966285e-06,
                8.327466013543066e-05,
                3.3338220381432496e-06,
                4.824437586522613e-05,
                7.590513093743577e-05,
                2.2124202966587805e-05,
                2.4913965394247094e-05,
                1.923902749460257e-05,
                3.982509496449793e-06,
                5.022253220233323e-06,
                6.413170224010182e-07,
                3.1214117581051065e-07,
                1.659898806339689e-07,
                1.2816415831017582e-06,
                5.905737268770408e-07,
                8.608033627252046e-08,
                4.8096833923501083e-08,
                1.9747392523475772e-08,
                2.082015402245894e-08,
                5.896368979173335e-09
            ],
            [
                9.716670400208914e-08,
                8.151065021612821e-08,
                1.2880252926172392e-07,
                2.1201601835957197e-07,
                5.737469228400246e-07,
                6.545700647944064e-07,
                1.1300633382971135e-06,
                3.991391521670877e-05,
                6.836232213037902e-06,
                0.0001007633110681369,
                3.840938248551586e-06,
                5.8356793851242726e-05,
                7.798143245717377e-05,
                2.6439214523763637e-05,
                2.976136013764402e-05,
                2.1236398883383153e-05,
                4.777679815281679e-06,
                5.484222148331152e-06,
                7.481918039234221e-07,
                3.7280242620194125e-07,
                1.9539560108727088e-07,
                1.4889115401031324e-06,
                6.908494089396278e-07,
                1.0923661782357777e-07,
                5.8934949834291386e-08,
                2.5147208688837865e-08,
                2.653278531968574e-08,
                7.515045410550071e-09
            ],
            [
                2.0745965272408917e-07,
                1.7342031063275157e-07,
                2.50740476837062e-07,
                3.190821267394513e-07,
                8.244618545472518e-07,
                1.1300633382971135e-06,
                3.2684029112968266e-06,
                0.00015207597183435786,
                1.6120403980190806e-05,
                0.00015782316244759088,
                7.958700797253655e-06,
                0.00014930900356801522,
                0.00013373143211805583,
                5.190475223242876e-05,
                4.1975427474427455e-05,
                2.925302739333981e-05,
                8.159253202538337e-06,
                9.892484443489467e-06,
                1.3716877115834402e-06,
                7.077797375447195e-07,
                3.63061288721845e-07,
                2.1559092464231e-06,
                1.37800459200287e-06,
                2.490758314569911e-07,
                1.0546085193743715e-07,
                4.9375683959914004e-08,
                5.2223165233183585e-08,
                1.4801936259108039e-08
            ],
            [
                6.483617904047199e-06,
                5.440649581269243e-06,
                7.782343914883296e-06,
                8.847763096547537e-06,
                2.3713719003237236e-05,
                3.991391521670877e-05,
                0.00015207597183435786,
                0.009390717795546904,
                0.0012817520433345579,
                0.0006115388636479947,
                0.00027241777863188515,
                0.007215156081765519,
                0.0021642472631364556,
                0.0013872131628839062,
                0.0009213943359763787,
                0.00018542369656593022,
                0.00015110293396277928,
                0.0002540345959457461,
                3.986693825856574e-05,
                2.1342102382298474e-05,
                1.0753373479805183e-05,
                4.017005338377819e-05,
                3.952075236259931e-05,
                9.71561267293816e-06,
                2.7753638183650275e-06,
                1.5701223710876666e-06,
                1.6650285255688887e-06,
                4.7224338589971283e-07
            ],
            [
                1.5326370500560965e-06,
                1.2773093187299041e-06,
                1.7843724423904587e-06,
                1.946349551211829e-06,
                4.704355636966285e-06,
                6.836232213037902e-06,
                1.6120403980190806e-05,
                0.0012817520433345579,
                0.0006546376272039854,
                0.0016146555045728473,
                8.175518825590177e-05,
                0.0018567951836113308,
                0.0008121303071889083,
                0.00035028151220184363,
                0.0005826783363037243,
                0.00013196352572388296,
                7.67071320088929e-05,
                7.765752477137449e-05,
                1.1605301712947286e-05,
                7.0879302245766345e-06,
                3.505219896891171e-06,
                2.3393753174255512e-05,
                1.2427073241093259e-05,
                2.502794202154462e-06,
                1.0382465177227621e-06,
                5.54757364162974e-07,
                5.883752747157184e-07,
                1.6686178239137245e-07
            ],
            [
                2.8089693114926766e-05,
                2.3516510853021702e-05,
                3.241858649253808e-05,
                3.373270374352933e-05,
                8.327466013543066e-05,
                0.0001007633110681369,
                0.00015782316244759088,
                0.0006115388636479947,
                0.0016146555045728473,
                0.0995957450344442,
                0.0021268091489415456,
                0.015143122385229444,
                0.031579798655751806,
                0.010099099745716914,
                0.007454940644089268,
                0.005071660872823377,
                0.0031106329823400343,
                0.0020802351230733976,
                0.0002766594913807893,
                0.00013472051961507865,
                7.544762477461595e-05,
                0.000428310499886076,
                0.0003427483719731063,
                4.920434796769468e-05,
                2.4705169929727815e-05,
                1.2846216146892225e-05,
                1.3660160391076524e-05,
                3.8766488722728155e-06
            ],
            [
                8.159293691298576e-07,
                6.893448233168042e-07,
                9.796801219680461e-07,
                1.1702487068219647e-06,
                3.3338220381432496e-06,
                3.840938248551586e-06,
                7.958700797253655e-06,
                0.00027241777863188515,
                8.175518825590177e-05,
                0.0021268091489415456,
                0.00010030609725474425,
                0.0014471596752663775,
                0.0013575006941261762,
                0.0004566274100731203,
                0.00035522212708409345,
                0.00032662614371693766,
                7.761065262246502e-05,
                8.6943720203211e-05,
                1.0793467341421794e-05,
                5.6583410402750175e-06,
                2.995717265556215e-06,
                2.027859704973207e-05,
                1.219321369341289e-05,
                1.710396001904745e-06,
                9.441386206617134e-07,
                4.35665551757708e-07,
                4.618351523282113e-07,
                1.3097103860344186e-07
            ],
            [
                1.2578119241653224e-05,
                1.063357321785601e-05,
                1.4397361124099002e-05,
                1.55911367832614e-05,
                4.824437586522613e-05,
                5.8356793851242726e-05,
                0.00014930900356801522,
                0.007215156081765519,
                0.0018567951836113308,
                0.015143122385229444,
                0.0014471596752663775,
                0.040076013052131626,
                0.013771794323977264,
                0.004066853570198228,
                0.0021932015868912783,
                0.0015635329889937715,
                0.0004993840407146958,
                0.0009094867765997406,
                0.00011615698710803602,
                6.405268888097198e-05,
                3.471752454388242e-05,
                0.00012770953981848765,
                0.0001452449948166604,
                2.3662325716266602e-05,
                1.0717062904201615e-05,
                6.82450033973361e-06,
                7.240312790159669e-06,
                2.053452217487507e-06
            ],
            [
                2.5643124052888027e-05,
                2.1189062132421343e-05,
                2.7374809726274918e-05,
                3.108120996693094e-05,
                7.590513093743577e-05,
                7.798143245717377e-05,
                0.00013373143211805583,
                0.0021642472631364556,
                0.0008121303071889083,
                0.031579798655751806,
                0.0013575006941261762,
                0.013771794323977264,
                0.16341740083477188,
                0.012325946250540986,
                0.0030571237838863297,
                0.008077456221479219,
                0.0017265522428084722,
                0.007063211031096041,
                0.0004520405376341888,
                0.00021048442770618705,
                0.00011862125172629129,
                0.00029296256370128874,
                0.0006557921084716582,
                7.421978512453872e-05,
                2.665504251092176e-05,
                1.50647024036467e-05,
                1.5933006241734056e-05,
                4.516182357849309e-06
            ],
            [
                7.237549360231438e-06,
                5.968794954895149e-06,
                8.121868144826562e-06,
                8.778878921936189e-06,
                2.2124202966587805e-05,
                2.6439214523763637e-05,
                5.190475223242876e-05,
                0.0013872131628839062,
                0.00035028151220184363,
                0.010099099745716914,
                0.0004566274100731203,
                0.004066853570198228,
                0.012325946250540986,
                0.030391775721723156,
                0.004952182242052418,
                0.005417158999706154,
                0.0009660209240354021,
                0.0010503220219509047,
                0.00016718524881663527,
                7.732808377439155e-05,
                4.1508927545306285e-05,
                0.0004960215775022762,
                0.00019099535744212214,
                1.3389823604506394e-05,
                2.4384756377945427e-05,
                5.203498080582234e-06,
                5.4836668128511165e-06,
                1.5530656713440308e-06
            ],
            [
                8.108103158060618e-06,
                6.853478546495224e-06,
                9.452871530518801e-06,
                1.0980864473627293e-05,
                2.4913965394247094e-05,
                2.976136013764402e-05,
                4.1975427474427455e-05,
                0.0009213943359763787,
                0.0005826783363037243,
                0.007454940644089268,
                0.00035522212708409345,
                0.0021932015868912783,
                0.0030571237838863297,
                0.004952182242052418,
                0.11994058060489826,
                0.0023037218499919326,
                0.001204121764775658,
                0.0013665225219496257,
                0.00030186967355082397,
                0.0004953145203013146,
                8.922273754293232e-05,
                0.004047604794067075,
                8.284306806141212e-05,
                2.111748924692742e-05,
                6.126310749173357e-05,
                1.2875365421498992e-05,
                1.335519813585846e-05,
                3.7651923093331943e-06
            ],
            [
                6.513557230726936e-06,
                5.483000955810973e-06,
                7.071658138781491e-06,
                8.21603065847392e-06,
                1.923902749460257e-05,
                2.1236398883383153e-05,
                2.925302739333981e-05,
                0.00018542369656593022,
                0.00013196352572388296,
                0.005071660872823377,
                0.00032662614371693766,
                0.0015635329889937715,
                0.008077456221479219,
                0.005417158999706154,
                0.0023037218499919326,
                0.1463735304435664,
                0.0029559244263317025,
                0.0026743213097799325,
                0.00046197344105964184,
                0.00023038055129918051,
                0.00022619718900678153,
                0.0019050036970135777,
                8.119682126480743e-05,
                2.4154737414876455e-05,
                5.408306123189274e-05,
                1.5899210120552432e-05,
                1.650709369890369e-05,
                4.659625412956907e-06
            ],
            [
                1.1812901481324186e-06,
                9.923716026184708e-07,
                1.3980112272786382e-06,
                1.6007772540033547e-06,
                3.982509496449793e-06,
                4.777679815281679e-06,
                8.159253202538337e-06,
                0.00015110293396277928,
                7.67071320088929e-05,
                0.0031106329823400343,
                7.761065262246502e-05,
                0.0004993840407146958,
                0.0017265522428084722,
                0.0009660209240354021,
                0.001204121764775658,
                0.0029559244263317025,
                0.00019272060114041952,
                0.0001610403453311206,
                2.2879865565792325e-05,
                1.3539355221764804e-05,
                8.08413892223556e-06,
                8.59615658024102e-05,
                1.667216989421197e-05,
                2.466474395510004e-06,
                2.6252895233299726e-06,
                8.73420260412206e-07,
                9.187079575487345e-07,
                2.600569064488469e-07
            ],
            [
                1.4307091940025585e-06,
                1.1975528323682041e-06,
                1.6219521577960321e-06,
                1.941678961250875e-06,
                5.022253220233323e-06,
                5.484222148331152e-06,
                9.892484443489467e-06,
                0.0002540345959457461,
                7.765752477137449e-05,
                0.0020802351230733976,
                8.6943720203211e-05,
                0.0009094867765997406,
                0.007063211031096041,
                0.0010503220219509047,
                0.0013665225219496257,
                0.0026743213097799325,
                0.0001610403453311206,
                0.00041142635224001873,
                3.252967552129942e-05,
                1.8593025320976056e-05,
                1.0327659223764558e-05,
                8.667896802414027e-05,
                3.321285043761396e-05,
                4.192710249995702e-06,
                2.950879014545794e-06,
                1.1554884554143773e-06,
                1.216582740701351e-06,
                3.4443671556473966e-07
            ],
            [
                1.779797482828089e-07,
                1.4842654275883968e-07,
                2.060002016113424e-07,
                2.505343903148051e-07,
                6.413170224010182e-07,
                7.481918039234221e-07,
                1.3716877115834402e-06,
                3.986693825856574e-05,
                1.1605301712947286e-05,
                0.0002766594913807893,
                1.0793467341421794e-05,
                0.00011615698710803602,
                0.0004520405376341888,
                0.00016718524881663527,
                0.00030186967355082397,
                0.00046197344105964184,
                2.2879865565792325e-05,
                3.252967552129942e-05,
                4.584403151476797e-06,
                2.765027825456014e-06,
                1.499831383685144e-06,
                1.7195448552957083e-05,
                3.0066491448135155e-06,
                4.4038367241084556e-07,
                4.915073905208493e-07,
                1.6982207080105646e-07,
                1.7803446719166714e-07,
                5.035846354266918e-08
            ],
            [
                9.576641944136058e-08,
                8.034255618826935e-08,
                1.0952866619025086e-07,
                1.2532278958668717e-07,
                3.1214117581051065e-07,
                3.7280242620194125e-07,
                7.077797375447195e-07,
                2.1342102382298474e-05,
                7.0879302245766345e-06,
                0.00013472051961507865,
                5.6583410402750175e-06,
                6.405268888097198e-05,
                0.00021048442770618705,
                7.732808377439155e-05,
                0.0004953145203013146,
                0.00023038055129918051,
                1.3539355221764804e-05,
                1.8593025320976056e-05,
                2.765027825456014e-06,
                2.900644743972924e-06,
                9.31938883944383e-07,
                1.9904803572997824e-05,
                1.558794547241471e-06,
                2.638883177802756e-07,
                4.0561230089183657e-07,
                1.1908973099260855e-07,
                1.2446265727043263e-07,
                3.5170065626600644e-08
            ],
            [
                4.799541864629712e-08,
                4.014956083983528e-08,
                5.5247625497314585e-08,
                6.458237284980522e-08,
                1.659898806339689e-07,
                1.9539560108727088e-07,
                3.63061288721845e-07,
                1.0753373479805183e-05,
                3.505219896891171e-06,
                7.544762477461595e-05,
                2.995717265556215e-06,
                3.471752454388242e-05,
                0.00011862125172629129,
                4.1508927545306285e-05,
                8.922273754293232e-05,
                0.00022619718900678153,
                8.08413892223556e-06,
                1.0327659223764558e-05,
                1.499831383685144e-06,
                9.31938883944383e-07,
                6.09119747301182e-07,
                6.067975385360691e-06,
                8.127579101426084e-07,
                1.350513528301806e-07,
                1.7178875300074767e-07,
                6.011059622239924e-08,
                6.301066823021652e-08,
                1.7824596717815926e-08
            ],
            [
                4.120358656507475e-07,
                3.4652037262631107e-07,
                4.7248724049831924e-07,
                5.489211177670547e-07,
                1.2816415831017582e-06,
                1.4889115401031324e-06,
                2.1559092464231e-06,
                4.017005338377819e-05,
                2.3393753174255512e-05,
                0.000428310499886076,
                2.027859704973207e-05,
                0.00012770953981848765,
                0.00029296256370128874,
                0.0004960215775022762,
                0.004047604794067075,
                0.0019050036970135777,
                8.59615658024102e-05,
                8.667896802414027e-05,
                1.7195448552957083e-05,
                1.9904803572997824e-05,
                6.067975385360691e-06,
                0.00016286104796817813,
                5.246459989940037e-06,
                1.1169560358147548e-06,
                2.920341415607216e-06,
                6.700554598806676e-07,
                6.960657788905099e-07,
                1.9638350283118953e-07
            ],
            [
                1.8849599479607105e-07,
                1.5672045156920867e-07,
                2.1047908451565484e-07,
                2.3277553270281774e-07,
                5.905737268770408e-07,
                6.908494089396278e-07,
                1.37800459200287e-06,
                3.952075236259931e-05,
                1.2427073241093259e-05,
                0.0003427483719731063,
                1.219321369341289e-05,
                0.0001452449948166604,
                0.0006557921084716582,
                0.00019099535744212214,
                8.284306806141212e-05,
                8.119682126480743e-05,
                1.667216989421197e-05,
                3.321285043761396e-05,
                3.0066491448135155e-06,
                1.558794547241471e-06,
                8.127579101426084e-07,
                5.246459989940037e-06,
                3.878334782594768e-06,
                4.5348828604088104e-07,
                2.8296839516439083e-07,
                1.2134268091121426e-07,
                1.2819180917352826e-07,
                3.6323346239384254e-08
            ],
            [
                2.6281600306827678e-08,
                2.193266232575175e-08,
                2.998793785854989e-08,
                3.338459093612257e-08,
                8.608033627252046e-08,
                1.0923661782357777e-07,
                2.490758314569911e-07,
                9.71561267293816e-06,
                2.502794202154462e-06,
                4.920434796769468e-05,
                1.710396001904745e-06,
                2.3662325716266602e-05,
                7.421978512453872e-05,
                1.3389823604506394e-05,
                2.111748924692742e-05,
                2.4154737414876455e-05,
                2.466474395510004e-06,
                4.192710249995702e-06,
                4.4038367241084556e-07,
                2.638883177802756e-07,
                1.350513528301806e-07,
                1.1169560358147548e-06,
                4.5348828604088104e-07,
                7.127351851429984e-08,
                4.6673462425527454e-08,
                2.3871089747474072e-08,
                2.516506972416796e-08,
                7.126633762998669e-09
            ],
            [
                1.5065942086966258e-08,
                1.2601713611390905e-08,
                1.7248417045668047e-08,
                1.9329250356938428e-08,
                4.8096833923501083e-08,
                5.8934949834291386e-08,
                1.0546085193743715e-07,
                2.7753638183650275e-06,
                1.0382465177227621e-06,
                2.4705169929727815e-05,
                9.441386206617134e-07,
                1.0717062904201615e-05,
                2.665504251092176e-05,
                2.4384756377945427e-05,
                6.126310749173357e-05,
                5.408306123189274e-05,
                2.6252895233299726e-06,
                2.950879014545794e-06,
                4.915073905208493e-07,
                4.0561230089183657e-07,
                1.7178875300074767e-07,
                2.920341415607216e-06,
                2.8296839516439083e-07,
                4.6673462425527454e-08,
                7.445951851793427e-08,
                2.4354347491063343e-08,
                2.547919892149651e-08,
                7.2026741200039416e-09
            ],
            [
                5.581852137110599e-09,
                4.686593684162273e-09,
                6.541990555448225e-09,
                7.421417571513206e-09,
                1.9747392523475772e-08,
                2.5147208688837865e-08,
                4.9375683959914004e-08,
                1.5701223710876666e-06,
                5.54757364162974e-07,
                1.2846216146892225e-05,
                4.35665551757708e-07,
                6.82450033973361e-06,
                1.50647024036467e-05,
                5.203498080582234e-06,
                1.2875365421498992e-05,
                1.5899210120552432e-05,
                8.73420260412206e-07,
                1.1554884554143773e-06,
                1.6982207080105646e-07,
                1.1908973099260855e-07,
                6.011059622239924e-08,
                6.700554598806676e-07,
                1.2134268091121426e-07,
                2.3871089747474072e-08,
                2.4354347491063343e-08,
                1.2262689584553008e-08,
                1.2889243078958292e-08,
                3.6478844322334266e-09
            ],
            [
                5.86691482598352e-09,
                4.926758331733703e-09,
                6.882835324619677e-09,
                7.8072643149562e-09,
                2.082015402245894e-08,
                2.653278531968574e-08,
                5.2223165233183585e-08,
                1.6650285255688887e-06,
                5.883752747157184e-07,
                1.3660160391076524e-05,
                4.618351523282113e-07,
                7.240312790159669e-06,
                1.5933006241734056e-05,
                5.4836668128511165e-06,
                1.335519813585846e-05,
                1.650709369890369e-05,
                9.187079575487345e-07,
                1.216582740701351e-06,
                1.7803446719166714e-07,
                1.2446265727043263e-07,
                6.301066823021652e-08,
                6.960657788905099e-07,
                1.2819180917352826e-07,
                2.516506972416796e-08,
                2.547919892149651e-08,
                1.2889243078958292e-08,
                1.35534825820457e-08,
                3.8362318245243425e-09
            ],
            [
                1.6601755352508099e-09,
                1.394198732817171e-09,
                1.9481687486490043e-09,
                2.2099028841079344e-09,
                5.896368979173335e-09,
                7.515045410550071e-09,
                1.4801936259108039e-08,
                4.7224338589971283e-07,
                1.6686178239137245e-07,
                3.8766488722728155e-06,
                1.3097103860344186e-07,
                2.053452217487507e-06,
                4.516182357849309e-06,
                1.5530656713440308e-06,
                3.7651923093331943e-06,
                4.659625412956907e-06,
                2.600569064488469e-07,
                3.4443671556473966e-07,
                5.035846354266918e-08,
                3.5170065626600644e-08,
                1.7824596717815926e-08,
                1.9638350283118953e-07,
                3.6323346239384254e-08,
                7.126633762998669e-09,
                7.2026741200039416e-09,
                3.6478844322334266e-09,
                3.8362318245243425e-09,
                1.0858459157105997e-09
            ]
        ],
        [
            [
                9.690791477704194e-08,
                1.2255769778620663e-07,
                6.366943663892799e-07,
                7.905811644193639e-06,
                1.3797522460687603e-06,
                2.696889054828825e-06,
                2.2166519863356786e-07,
                9.873137681531654e-08,
                5.4971899053341035e-08,
                1.3424217603512267e-07,
                2.6994524521101164e-07,
                4.97244325476619e-07,
                8.779166050614028e-07,
                1.040282700708454e-06,
                2.6710999682634933e-06,
                5.800251624167812e-06,
                1.6376932994484897e-05,
                2.2378464283087055e-05,
                3.82280262578504e-05,
                6.490898824303811e-05,
                4.397226468197629e-05,
                1.173722606365175e-05,
                2.8821453508501533e-06,
                1.1263891262151547e-06,
                5.5098287614026e-07,
                6.648618904277505e-08,
                4.486797330418315e-08,
                1.249459386932246e-08
            ],
            [
                1.2255769778620663e-07,
                1.5614282819933595e-07,
                8.330891299965575e-07,
                1.0613998384307611e-05,
                1.8937802684313881e-06,
                4.070852575100323e-06,
                3.549151860540429e-07,
                1.493872208728479e-07,
                7.667455546142949e-08,
                1.7983392949765515e-07,
                3.510897172427346e-07,
                6.626457076846998e-07,
                1.1797242970551235e-06,
                1.3731788082639717e-06,
                3.6936388424968947e-06,
                7.6554671761766e-06,
                2.142028119597308e-05,
                3.0299477010711362e-05,
                5.070137825800484e-05,
                8.59154695342405e-05,
                5.744618135376328e-05,
                1.549534840625219e-05,
                3.818774494190529e-06,
                1.4691433504822554e-06,
                7.235372484036458e-07,
                8.210471360057607e-08,
                5.3753905320488275e-08,
                1.4959852195668157e-08
            ],
            [
                6.366943663892799e-07,
                8.330891299965575e-07,
                5.459789476500969e-06,
                8.281219206356425e-05,
                1.581655381526191e-05,
                5.58947512248455e-05,
                6.220388488588708e-06,
                2.177182554870601e-06,
                9.214901544782884e-07,
                1.2885314005602579e-06,
                2.264561477362656e-06,
                4.731126905579271e-06,
                8.811342275712853e-06,
                9.254369830948424e-06,
                3.1582705326007496e-05,
                5.6625687556393575e-05,
                0.00014274919790173836,
                0.0002578592573642275,
                0.0003865528878578669,
                0.0006270853388108629,
                0.0003975088521165124,
                0.00010931166077311243,
                2.823459518603682e-05,
                1.0399032328854249e-05,
                5.029056870751368e-06,
                4.465112058427179e-07,
                2.503563901058803e-07,
                6.938366845514629e-08
            ],
            [
                7.905811644193639e-06,
                1.0613998384307611e-05,
                8.281219206356425e-05,
                0.0013978933500371031,
                0.00027572415050985206,
                0.0011619654424247863,
                0.0001364782974236428,
                4.595431163764119e-05,
                1.858532305384466e-05,
                2.0655430025491017e-05,
                3.3969079347697784e-05,
                7.572635896004534e-05,
                0.00014503169607404367,
                0.00014336104054141048,
                0.0005561105914520557,
                0.000929799203909132,
                0.002193829659861254,
                0.004551098779390712,
                0.0064547972721332334,
                0.010207619443060131,
                0.006272771765946821,
                0.001740092788288299,
                0.00046302540645672303,
                0.00016651013837899343,
                7.939173683461067e-05,
                5.865098396978637e-06,
                2.7764007358294337e-06,
                7.652968517803216e-07
            ],
            [
                1.3797522460687603e-06,
                1.8937802684313881e-06,
                1.581655381526191e-05,
                0.00027572415050985206,
                5.558948023607768e-05,
                0.0002413765235911934,
                2.841545575538073e-05,
                9.523791119720625e-06,
                3.728035057955943e-06,
                4.085687055949381e-06,
                6.401958699827851e-06,
                1.4861751370655123e-05,
                2.852231855668633e-05,
                2.7467267824915816e-05,
                0.00011337823052151499,
                0.0001794871094857209,
                0.0004148868248589334,
                0.000904135225982324,
                0.0012581008935448465,
                0.001972424043930408,
                0.0011963946785507875,
                0.0003369706412533308,
                8.985906376256163e-05,
                3.139159525809592e-05,
                1.514079402750074e-05,
                9.510808580056959e-07,
                3.5865460036832334e-07,
                9.820232393446663e-08
            ],
            [
                2.696889054828825e-06,
                4.070852575100323e-06,
                5.58947512248455e-05,
                0.0011619654424247863,
                0.0002413765235911934,
                0.001283937659574735,
                0.00015917614740233293,
                5.1801345705517247e-05,
                1.9892882660792325e-05,
                1.56615282654439e-05,
                2.239378384017662e-05,
                5.742395853263656e-05,
                0.00011344480406375814,
                9.721777026926744e-05,
                0.0004997180790944873,
                0.000737559504116242,
                0.0014919800141791034,
                0.004079248783864993,
                0.005314015836023275,
                0.007899019154868821,
                0.004621256435041478,
                0.0013091569008781077,
                0.0003659789258137407,
                0.00012484289548746717,
                5.786448214467464e-05,
                2.6184845555046855e-06,
                3.448407876997768e-07,
                8.73717582342462e-08
            ],
            [
                2.2166519863356786e-07,
                3.549151860540429e-07,
                6.220388488588708e-06,
                0.0001364782974236428,
                2.841545575538073e-05,
                0.00015917614740233293,
                1.9995574996489242e-05,
                6.458690848312538e-06,
                2.492671059758465e-06,
                1.7729138115154498e-06,
                2.496174184850827e-06,
                6.5334600057223775e-06,
                1.3116410723698007e-05,
                1.0952396725624199e-05,
                5.8790292453599814e-05,
                8.660493066213239e-05,
                0.00016885005825469928,
                0.0004888291939897505,
                0.0006269996233944946,
                0.0009197820307147668,
                0.0005329436899234831,
                0.00015014772197487344,
                4.271514147780547e-05,
                1.4629265817906457e-05,
                6.644070219906487e-06,
                2.8147041044656604e-07,
                2.0850540068233025e-08,
                4.727058698547399e-09
            ],
            [
                9.873137681531654e-08,
                1.493872208728479e-07,
                2.177182554870601e-06,
                4.595431163764119e-05,
                9.523791119720625e-06,
                5.1801345705517247e-05,
                6.458690848312538e-06,
                2.1018057181633907e-06,
                8.089923415290091e-07,
                6.106885996352566e-07,
                8.765487813492471e-07,
                2.2556685269583376e-06,
